%YAML:1.0
---
camera_matrix: !!opencv-matrix
   rows: 3
   cols: 3
   dt: d
   data: [ 9.6720245294043139e+02, 0., 6.3937149059412695e+02, 0.,
       9.6720245294043139e+02, 3.6110705871099901e+02, 0., 0., 1. ]
distortion_coefficients: !!opencv-matrix
   rows: 1
   cols: 5
   dt: d
   data: [ -2.4635169467518528e-01, 2.4465409521178740e+00,
       7.1229961381988170e-05, 1.9774716241933287e-03,
       -7.1110919428894199e+00 ]
