%YAML:1.0
---
camera_matrix: !!opencv-matrix
   rows: 3
   cols: 3
   dt: d
   data: [ 9.5774674978639928e+02, 0., 6.4718730937839223e+02, 0.,
       9.5774674978639928e+02, 3.6748915096251750e+02, 0., 0., 1. ]
distortion_coefficients: !!opencv-matrix
   rows: 5
   cols: 1
   dt: d
   data: [ -2.1607889588644216e-01, 2.1124482803771389e+00,
       -5.8462717313574740e-05, 3.7838859091253955e-03,
       -5.8342904641620397e+00 ]
